0.0427841
0.0333555
0.0153675
0.00801939
0.0150976
0.011533
0.0110118
0.0161798
0.0139982
0.0150871
0.00987191
0.0113507
0.012553
0.0110037
0.0136187
0.0114116
0.00862482
0.0124665
0.0124825
0.0126189
0.0119491
0.00976309
0.00944908
0.0140408
0.0120527
0.00936432
0.0157164
0.0108387
0.014218
0.0108256
0.0165816
0.0123483
0.00873833
0.0149377
0.00919732
0.00847442
0.0121167
0.0175394
0.015671
0.00944238
0.012864
0.0125128
0.0150339
0.0130372
0.0174624
0.0108219
0.011585
0.0108091
0.0100518
0.0112686
0.0171939
0.00834309
0.0113211
0.0144714
0.0159023
0.0137928
0.00936754
0.00982802
0.0132078
0.0147256
0.00950936
0.0109294
0.124155
0.0157185
0.0134986
0.0141552
0.0162666
0.0347767
0.0122082
0.0153986
0.0101258
0.0116073
0.0125181
0.0185003
0.0104398
0.0135421
0.0117529
0.0142808
0.0110832
0.0126123
0.0115485
0.0150761
0.0147008
0.0106417
0.00959471
0.0141314
0.0174508
0.00973955
0.0105855
0.0100229
0.0110935
0.00989341
0.0123846
0.0163359
0.0162886
0.0117024
0.0129467
0.00962055
0.0133709
0.00952347
0.0128647
0.0125686
0.0375727
0.0129552
0.0144827
0.0126635
0.0176519
0.00906571
0.0172266
0.0172529
0.00899514
0.00995806
0.0137242
0.0133781
0.0104024
0.0163933
0.0143103
0.0103156
0.0118683
0.00874037
0.0162887
0.00883201
0.0119169
0.0100224
0.00854272
0.0114584
0.0133842
0.0189942
0.0182872
0.0156396
0.0127581
0.00908442
0.0167958
0.011138
0.00924399
0.0159143
0.0118377
0.0176656
0.00984239
0.0132999
0.0140752
0.00982775
0.0144206
0.012959
0.0135665
0.0160663
0.0165624
0.0152718
0.0121337
0.0109605
0.0126077
0.0123669
0.0133938
0.0150423
0.00908255
0.011615
0.0113851
0.0133992
0.0147281
0.00953009
0.0140799
0.0115427
0.00997181
0.0133474
0.0167346
0.00850131
0.015217
0.016587
0.0114356
0.012049
0.0147592
0.01502
0.041234
0.015017
0.0145322
0.0111342
0.0152431
0.0124344
0.0104859
0.00944349
0.0132007
0.0123481
0.0128379
0.00590819
0.0161303
0.0134594
0.0301818
0.0148727
0.00966247
0.013858
0.0116266
0.0153034
0.0125961
0.0127711
0.0402516
0.0135047
0.0159398
0.0140593
0.0170432
0.0248262
0.0181015
0.0191822
0.020663
0.0119996
0.00601647
0.0188015
0.0191482
0.012982
0.0118311
0.0166346
