0.0586589
0.0675283
0.0151628
0.00821876
0.0158443
0.0119322
0.0114627
0.0150869
0.012983
0.0122071
0.0103403
0.0118745
0.0163017
0.0115924
0.013401
0.00598301
0.0110087
0.0134586
0.0124814
0.013165
0.012401
0.010519
0.0102534
0.0144122
0.0131117
0.0100142
0.0158154
0.0119276
0.0161777
0.0114009
0.0155257
0.0140591
0.00840062
0.0135568
0.0100891
0.00877596
0.0118745
0.0177595
0.0156815
0.00987548
0.0128733
0.0128979
0.0155563
0.0132875
0.0178137
0.0118146
0.0105151
0.00977299
0.0109681
0.0124328
0.0166933
0.0102107
0.0120539
0.0148259
0.0170435
0.0137681
0.00998538
0.0102313
0.0136654
0.0133824
0.0102322
0.0110977
0.0704093
0.0154911
0.013062
0.015221
0.0164095
0.0132788
0.0125131
0.0150959
0.0110651
0.0120555
0.01633
0.0143944
0.012568
0.0161465
0.0173883
0.0118437
0.0122998
0.010833
0.0115055
0.0153437
0.0164498
0.0110872
0.0100622
0.0166072
0.0143252
0.0106669
0.0108487
0.0104862
0.0109763
0.0104018
0.0122994
0.0167276
0.0169893
0.00849171
0.0181932
0.01037
0.0145698
0.010887
0.0144551
0.010366
0.141683
0.013083
0.0150255
0.0185208
0.0175268
0.0107186
0.0176324
0.013649
0.0131173
0.0105536
0.0143993
0.0143497
0.0109021
0.0162987
0.0143287
0.0120987
0.00649781
0.00945351
0.0166793
0.00929761
0.0130977
0.010404
0.00889243
0.0131847
0.0141767
0.0192115
0.0189931
0.0152228
0.00180236
0.00989668
0.0175003
0.0114127
0.00959378
0.0154355
0.0132269
0.0167798
0.0107681
0.0138797
0.0139029
0.0102355
0.0144748
0.012704
0.0133552
0.0168358
0.0149405
0.0144695
0.0120148
0.0104981
0.0132154
0.0126379
0.0127973
0.0161586
0.0115365
0.0118095
0.0127252
0.0129128
0.0155033
0.0102052
0.0145176
0.0118678
0.0105007
0.0143053
0.0168779
0.0101418
0.0172456
0.0164152
0.011815
0.0120979
0.0162667
0.0176501
0.0276607
0.015343
0.0152189
0.0145292
0.0176193
0.0140383
0.0104646
0.0103787
0.0139117
0.0126322
0.0122837
0.0245558
0.00704079
0.00919893
0.059211
0.0263861
0.0344976
0.0150053
0.0165472
0.0111488
0.00535938
0.0246139
0.0323119
0.0143342
0.0173302
0.0117298
0.0122385
0.00930461
0.00485185
0.0102478
0.0238337
0.0118798
0.055401
0.0266893
0.0143728
0.013665
0.0114445
0.0160857
