0.0937324
0.0189236
0.0137927
0.00772696
0.0142874
0.0110693
0.00840008
0.0154995
0.0129932
0.0148635
0.00959283
0.011052
0.0145042
0.01004
0.0122627
0.0119882
0.0103132
0.0100505
0.0116812
0.0123429
0.0117988
0.0096922
0.00926989
0.0130287
0.0122784
0.00897147
0.015214
0.0100186
0.0133773
0.0104137
0.0164761
0.0130017
0.00952001
0.0104948
0.00908993
0.00819595
0.0119477
0.0166143
0.0153213
0.00913934
0.0120515
0.0134903
0.0143894
0.0124205
0.0120693
0.0111826
0.0102738
0.00982228
0.0102413
0.0110964
0.015286
0.010843
0.0114325
0.0146922
0.0162046
0.012522
0.00940226
0.00971812
0.0126713
0.013729
0.00921461
0.0106651
0.0430249
0.0142936
0.0201137
0.0846594
0.016024
0.00941727
0.0114117
0.0149031
0.00985974
0.0115486
0.0148719
0.0121838
0.00818418
0.0114037
0.0128816
0.0106482
0.0101627
0.0107939
0.0108493
0.0115284
0.0132282
0.010267
0.000465784
0.0138766
0.00838934
0.00957116
0.0107454
0.0097154
0.0102025
0.00989454
0.0114516
0.012682
0.0165498
0.0113075
0.0126226
0.00970869
0.0117039
0.00984781
0.0129946
0.0244777
0.0482617
0.0129606
0.0149271
0.0124253
0.0163911
0.00892609
0.0157984
0.0276697
0.0114893
0.00958546
0.0114237
0.0135005
0.0101082
0.015732
0.0141575
0.00912585
0.0149111
0.00981756
0.0174094
0.00864813
0.0111286
0.00932135
0.00848867
0.0117424
0.0121252
0.0180589
0.0177846
0.0155552
0.0104957
0.00899498
0.0158838
0.0085522
0.00886048
0.0151923
0.0121484
0.0162515
0.00969013
0.0124863
0.0139122
0.00966686
0.0133875
0.0121761
0.0123841
0.0170006
0.0151612
0.015336
0.0120012
0.0102619
0.0126486
0.0120819
0.0134176
0.0146324
0.0105727
0.0114677
0.0109611
0.0126628
0.0145105
0.00927206
0.0134142
0.0113384
0.00985687
0.0131426
0.0159087
0.0082443
0.0151517
0.0148291
0.0114206
0.0112681
0.0154521
0.0174649
0.0901565
0.0143466
0.0141643
0.0127792
0.0147473
0.0122339
0.0100678
0.00971494
0.0086789
0.0036669
0.0121584
0.00920224
0.0104368
0.011765
0.0199364
9.48203e-05
0.0138678
0.0140502
0.012769
0.0128163
0.0176873
0.0292919
0.041787
0.0121132
0.0164268
0.0147045
0.0131301
0.0303421
0.00886817
0.0437562
0.0150166
0.0108443
0.0288741
0.0122766
0.011669
0.0115212
0.0109701
0.0106462
