0.0547755
0.0657477
0.0125486
0.0168263
0.0129258
0.013726
0.00996923
0.0160851
0.0147656
0.0151324
0.00938523
0.0108221
0.0149832
0.00946756
0.0110687
0.013015
0.0132114
0.00727364
0.0129616
0.0129124
0.0110581
0.00921291
0.00915304
0.0124665
0.00832378
0.00866246
0.014829
0.0104331
0.0186074
0.0094926
0.0163845
0.0124167
0.0092163
0.0121868
0.00938047
0.0112163
0.0170948
0.0187393
0.0155648
0.00890604
0.0110406
0.0126341
0.0144888
0.0135826
0.0154969
0.0107821
0.00951334
0.0110196
0.00952307
0.0109796
0.0139498
0.00943083
0.0112326
0.0142433
0.0132736
0.0103998
0.00895963
0.00944949
0.0116914
0.0156204
0.00880491
0.0101771
0.0116251
0.0150186
0.0127139
0.0222779
0.0157093
0.012469
0.0121851
0.0143999
0.010444
0.0112711
0.0140671
0.0148621
0.0109909
0.0136193
0.0104022
0.0111633
0.00949947
0.0115152
0.00965108
0.0132057
0.0132769
0.00967044
0.00977384
0.0138949
0.0135002
0.00815899
0.0100797
0.00958946
0.00957051
0.00938187
0.0110838
0.0157
0.0154682
0.0114097
0.0142171
0.0124295
0.0123587
0.00891608
0.0113225
0.0095838
0.0113602
0.0130636
0.0131607
0.0114273
0.0468343
0.00876995
0.0159613
0.0132444
0.0124836
0.00760391
0.0123028
0.0128205
0.00964231
0.0144132
0.0120684
0.0100087
0.008749
0.00833596
0.0133358
0.0084374
0.00986051
0.00920971
0.013233
0.0123725
0.0115743
0.0194916
0.0176001
0.01362
0.0123494
0.00865266
0.0146643
0.0111949
0.00887837
0.0530981
0.0108642
0.01579
0.00915288
0.011621
0.0154041
0.00920193
0.0130315
0.0117213
0.0126781
0.0156732
0.0147095
0.0142569
0.0115026
0.0168018
0.0113182
0.0101743
0.0109848
0.0149826
0.0590847
0.068427
0.0109746
0.188701
0.0124892
0.0797008
0.0126556
0.0108861
0.00935189
0.0118219
0.0153096
0.00896393
0.012684
0.0145732
0.0109057
0.00992328
0.012664
0.0154126
0.0156249
0.0139308
0.0135172
0.0116294
0.0143069
0.0100897
0.009721
0.00887849
0.0114055
0.0120013
0.0116069
0.0386709
0.0165318
0.0165446
0.0158859
0.0178956
0.0119325
0.0259523
0.0143468
0.0185638
0.0302353
0.0419919
0.201093
0.0644103
0.0268308
0.0103896
0.0190783
0.0134476
0.0106631
0.0276106
0.0104987
0.0103847
0.0155674
0.00811673
0.0196514
0.010206
0.0102537
0.01449
