0.00667261
0.0244143
0.014413
0.0140217
0.0148029
0.0133217
0.0106333
0.015484
0.0125551
0.0158217
0.0131207
0.0126839
0.0138621
0.0100955
0.012688
0.0112505
0.012746
0.0128918
0.0124662
0.0120415
0.0100625
0.00917056
0.00890694
0.0135536
0.0124423
0.00852933
0.0153419
0.0111819
0.0127783
0.0105599
0.0166523
0.0129098
0.00987262
0.0147555
0.0092633
0.0084419
0.0117544
0.0167246
0.0152934
0.00947089
0.0126174
0.0129924
0.0147352
0.0129015
0.0164319
0.0112747
0.0101446
0.0111434
0.0105062
0.0111935
0.0165229
0.010551
0.0114535
0.0146054
0.0167184
0.0126017
0.00956615
0.0100353
0.0130806
0.0137528
0.0095324
0.0108175
0.0115591
0.0160636
0.0128239
0.0155968
0.016621
0.0125699
0.0115851
0.014816
0.0110966
0.0117824
0.0158325
0.0169087
0.0121055
0.0152354
0.0112254
0.0123147
0.0115801
0.0127327
0.0109846
0.0150304
0.0139356
0.0104497
0.0105048
0.00974023
0.016015
0.00997426
0.0107481
0.00985467
0.0104428
0.0101038
0.0115671
0.0158384
0.0171484
0.00947485
0.0682387
0.00406395
0.0134203
0.0102051
0.0130336
0.0104817
0.0122267
0.0131392
0.0150364
0.0124301
0.0461224
0.00975114
0.0163306
0.014899
0.0125922
0.0113547
0.0141316
0.0129446
0.0102513
0.0164787
0.0145887
0.011379
0.00991856
0.00763315
0.0168503
0.00878743
0.0113699
0.0100592
0.0300329
0.0121391
0.0128729
0.0139475
0.0176524
0.0155159
0.0139768
0.00926203
0.0174757
0.0114093
0.00923772
0.0116463
0.0125783
0.0159559
0.00996571
0.012687
0.0144886
0.0102542
0.0140963
0.0126024
0.0119619
0.0172686
0.0160735
0.0151553
0.0320861
0.0113411
0.0203828
0.0142728
0.0117717
0.0160383
0.0107735
0.0126807
0.0114452
0.0644921
0.0149348
0.00902045
0.0139449
0.0121575
0.0100951
0.0130987
0.015942
0.00945033
0.0160441
0.0153306
0.0115225
0.0165327
0.0150159
0.016579
0.0152443
0.0155149
0.0145812
0.0111268
0.0161283
0.0119741
0.0147061
0.00971347
0.0123047
0.0129214
0.0121784
0.0117041
0.0110076
0.0124678
0.0135234
0.00871186
0.0112521
0.0134638
0.0160135
0.0100513
0.0910409
0.0163984
0.0278244
0.0130145
0.0166162
0.0116927
0.0144222
0.0140625
0.00968947
0.00964849
0.0116714
0.0111178
0.00622134
0.00844248
0.0113961
0.0127196
0.0109007
0.0144953
