0.0177715
0.0377682
0.0136684
0.0125677
0.0145512
0.0112378
0.0100398
0.0133312
0.0135317
0.0163996
0.00715885
0.0114863
0.0149373
0.0101428
0.01206
0.00987871
0.00843259
0.0122421
0.0122312
0.0109908
0.0109755
0.00965464
0.009706
0.0128854
0.0118464
0.00840861
0.0151845
0.0109453
0.0124307
0.010707
0.017328
0.0127774
0.00958889
0.0149268
0.00928735
0.00841239
0.0116213
0.0165049
0.014839
0.00914603
0.0116596
0.0128928
0.0137118
0.0121098
0.0167351
0.0114894
0.00982872
0.011034
0.0100807
0.0108518
0.0153526
0.0102365
0.0112283
0.0145396
0.0160542
0.0125779
0.00945272
0.00991806
0.0127516
0.0139108
0.0094662
0.0107179
0.0127549
0.0155976
0.013575
0.0154452
0.0157879
0.0122838
0.0113909
0.0149283
0.0110948
0.0115902
0.0157576
0.0164084
0.012279
0.0148235
0.0108249
0.0118235
0.0113878
0.0126507
0.0106489
0.01465
0.0136191
0.01016
0.0106316
0.0145138
0.0148721
0.00979339
0.0105517
0.00988102
0.0105106
0.0101191
0.0116577
0.0157841
0.0159063
0.0180684
0.0261834
0.00756086
0.0126543
0.00990011
0.0121493
0.0106027
0.0139351
0.0126692
0.0147904
0.0121341
0.0234788
0.00971621
0.0163317
0.0142526
0.01281
0.00825815
0.0142464
0.0137441
0.0104304
0.0160714
0.0147787
0.0125858
0.00925493
0.00896203
0.0167542
0.00880679
0.0119006
0.0100407
0.00259054
0.0126924
0.0121084
0.0184534
0.0171405
0.014887
0.0128028
0.00916891
0.0175596
0.0109957
0.00910676
0.0136543
0.0123836
0.016607
0.00986392
0.0121406
0.0119537
0.00992818
0.013648
0.0124044
0.0119444
0.0167996
0.0148747
0.0157852
0.0292035
0.00440305
0.0129908
0.0086856
0.0118789
0.0151628
0.0110224
0.0194526
0.0113634
0.0520502
0.0154102
0.0095071
0.0136079
0.0113695
0.0097822
0.0132405
0.016001
0.00928051
0.0154882
0.0152589
0.0114347
0.0324958
0.0150664
0.0149365
0.0159512
0.0149559
0.0141076
0.0125224
0.0153796
0.0122148
0.00584293
0.00971851
0.0122115
0.0123048
0.0123989
0.0114942
0.0103638
0.0100234
0.0176651
0.0346874
0.00997026
0.0133358
0.0118008
0.0104386
0.0435121
0.0289911
0.0264325
0.0124378
0.0166078
0.0120019
0.0137384
0.0141317
0.00905088
0.00953373
0.0107151
0.0107949
0.0321355
0.00544687
0.0108603
0.0122893
0.0065416
0.0164733
