0.0775921
0.0401029
0.0141909
0.00926601
0.0148743
0.0111022
0.00999431
0.0161405
0.0130961
0.014342
0.00958801
0.00966276
0.0127116
0.0105327
0.0130848
0.0118417
0.0104072
0.010696
0.0113891
0.0131171
0.0111383
0.00952713
0.00925414
0.012881
0.0121105
0.0089283
0.0156523
0.0116136
0.0138594
0.0107154
0.0168255
0.0116827
0.00732255
0.0137486
0.00896905
0.00839318
0.0119013
0.0165267
0.0158605
0.00911036
0.0122873
0.0126603
0.0141873
0.0123364
0.0118115
0.0113214
0.00950312
0.0135969
0.00984557
0.0106438
0.0156848
0.0100518
0.0106275
0.0144798
0.0155799
0.0135168
0.00916763
0.00963957
0.0123053
0.0138288
0.00937577
0.0112551
0.0475359
0.0141005
0.00883363
0.0142163
0.0161284
0.00899001
0.0119066
0.0147719
0.0112376
0.0115378
0.0472816
0.0216899
0.00936652
0.0143248
0.0247233
0.0130673
0.0129321
0.011949
0.0117604
0.0147434
0.0140188
0.0105308
0.0218472
0.0113252
0.0136381
0.00931843
0.0104211
0.00988317
0.0106598
0.00973258
0.0120482
0.0156775
0.0166965
0.0104522
0.0109432
0.00957998
0.00889357
0.00938422
0.0130467
0.00454173
0.0268152
0.012595
0.0158599
0.0146239
0.0167516
0.00874716
0.0164049
0.014387
0.0200398
0.00967233
0.0134867
0.012873
0.0101557
0.0161833
0.013736
0.0119005
0.00954221
0.00870919
0.0162087
0.00877354
0.0114566
0.0100073
0.00773189
0.0124436
0.0121871
0.0184738
0.0176884
0.014432
0.00993115
0.00895947
0.0161891
0.0106733
0.00902959
0.0157536
0.0117045
0.0163792
0.00951849
0.0127445
0.0121482
0.00975019
0.014084
0.0127029
0.0124967
0.016232
0.0142039
0.0158085
0.0117371
0.00788738
0.012763
0.0126904
0.00927226
0.014483
0.010325
0.0112771
0.0111513
0.0101075
0.0149117
0.00931862
0.0135577
0.0109328
0.00974186
0.0133357
0.0161015
0.00672075
0.0151762
0.0155769
0.0108236
0.00977505
0.0149895
0.0144711
0.0676072
0.0138014
0.01399
0.012959
0.0154934
0.0118357
0.010232
0.0095521
0.0147096
0.0128548
0.0126313
0.0111731
0.0045008
0.00935411
0.0290181
0.0109598
0.00819612
0.0128318
0.0116929
0.0123256
0.0169003
0.011925
0.0184356
0.0135913
0.0166298
0.0130904
0.014607
0.0169794
0.010209
0.0131482
0.00826488
0.0105059
0.0106741
0.00657098
0.0114576
0.0119591
0.0100484
0.0113788
