0.0152739
0.0219659
0.012073
0.0144449
0.0143708
0.0105646
0.0114065
0.0152247
0.0117295
0.0145722
0.0110824
0.00954405
0.0158141
0.00982782
0.0113481
0.0147757
0.00814524
0.0118003
0.0117414
0.011105
0.0112614
0.0089558
0.0076376
0.0127045
0.0116382
0.00867851
0.0149306
0.010291
0.0139903
0.0100237
0.0164227
0.0123268
0.00883315
0.0141931
0.00878621
0.00803625
0.0114907
0.0161505
0.0142683
0.00883529
0.0117663
0.0125099
0.0139774
0.0115765
0.0153744
0.0109888
0.00960524
0.0108064
0.0100049
0.01116
0.0144784
0.00977613
0.0109356
0.0143414
0.0154735
0.0120269
0.0090397
0.00964276
0.0118403
0.0133259
0.00896138
0.0100832
0.0088751
0.0150176
0.0138007
0.0152446
0.0157468
0.0114465
0.0112256
0.0140812
0.00976828
0.0114208
0.0140451
0.0159327
0.0117546
0.0145391
0.0107273
0.0113489
0.0105077
0.0121403
0.0100131
0.0138266
0.0141282
0.0101152
0.00848879
0.0137257
0.0141664
0.00922948
0.0102794
0.00934028
0.00990356
0.00965648
0.0113274
0.0154591
0.0158058
0.0106836
0.0629372
0.0105895
0.012117
0.00909865
0.0122172
0.0102415
0.0141103
0.0130559
0.0140881
0.0117173
0.02376
0.0092182
0.0157229
0.01355
0.0123355
0.00918387
0.0129136
0.0124372
0.0101515
0.0156561
0.0132953
0.0106687
0.0069697
0.00900966
0.0153079
0.0084585
0.0104728
0.00936482
0.0327418
0.0123783
0.0122633
0.0177728
0.0224335
0.0140864
0.0133753
0.00868848
0.016368
0.0106983
0.00871652
0.0144642
0.0116886
0.0162305
0.00938691
0.0121614
0.0297166
0.00962786
0.013288
0.0118254
0.0119463
0.0163424
0.0138302
0.0151377
0.0105343
0.0175019
0.0105188
0.0211497
0.0113641
0.014726
0.0105791
0.0118952
0.0110507
0.0665973
0.014478
0.0107515
0.0129307
0.0106578
0.00951069
0.0128344
0.015334
0.00880476
0.0146888
0.0149591
0.0106988
0.0401258
0.0153408
0.0174027
0.015283
0.0149169
0.0136875
0.0126935
0.0152461
0.0105788
0.00993612
0.00915654
0.0120947
0.00785542
0.0118302
0.0100374
0.00892859
0.0107723
0.0212053
0.00858358
0.0134731
0.0140052
0.0130672
0.0113389
0.0114146
0.0118628
0.015618
0.0125219
0.0163581
0.0109906
0.0141425
0.0136046
0.00894558
0.00932438
0.00921022
0.00914234
0.0663245
0.00735181
0.0101598
0.0121008
0.010052
0.0122171
