0.0632785
0.0738136
0.0152019
0.00609577
0.0155273
0.0112933
0.0109169
0.0174757
0.012738
0.0140977
0.009771
0.01107
0.010983
0.010306
0.0137689
0.0282515
0.0107285
0.0132198
0.0120466
0.0136325
0.0114398
0.00961803
0.00942887
0.0145671
0.0119927
0.00926742
0.0156815
0.0070153
0.0148377
0.0105444
0.0175171
0.0131037
0.00914335
0.0141141
0.00922039
0.00838567
0.0125779
0.0178292
0.0158624
0.0094292
0.013064
0.0131329
0.0149444
0.0144691
0.0135934
0.0114468
0.0108085
0.00997728
0.0098157
0.0114173
0.0166566
0.00949591
0.0120043
0.0148174
0.0152547
0.0133085
0.00944503
0.00969983
0.0128327
0.0147285
0.00935177
0.0110286
0.116627
0.0132755
0.0347162
0.0149864
0.0165053
0.0105411
0.0133358
0.0156394
0.00866846
0.0125312
0.0187884
0.0175581
0.0115862
0.0157525
0.0115859
0.0117683
0.00963411
0.0126997
0.0121039
0.0152541
0.0145689
0.0104448
0.0129373
0.0131409
0.0162133
0.00964347
0.0103376
0.0103704
0.0103487
0.00972022
0.0118398
0.0163778
0.0165587
0.0132191
0.0120253
0.00959831
0.0143877
0.00946356
0.0132125
0.0162567
0.0341844
0.0132743
0.0144715
0.0143423
0.0178401
0.00885934
0.0171375
0.0147307
0.0141375
0.00987537
0.0161648
0.0139813
0.0102688
0.0151482
0.013493
0.0142508
0.0119765
0.00865469
0.0171744
0.00882417
0.0115473
0.00926861
0.00785785
0.0132362
0.0127009
0.018969
0.0189939
0.014597
0.0140177
0.00927215
0.0164018
0.0111453
0.00923697
0.0163156
0.0113737
0.0174162
0.00946499
0.0134166
0.0159229
0.00956921
0.0144482
0.0136609
0.0152484
0.0168506
0.0163646
0.0160268
0.0127208
0.01384
0.0123519
0.0115196
0.0108134
0.0152392
0.0107343
0.0113892
0.0117806
0.0113884
0.0142777
0.00950532
0.0135346
0.0118662
0.00985911
0.0128475
0.0159304
0.0101208
0.0138475
0.0161472
0.0117432
0.0107345
0.0141793
0.0160511
0.0390987
0.015165
0.0144813
0.0129244
0.0150548
0.0106477
0.010252
0.00943148
0.0113305
0.00665519
0.01291
0.00718266
0.0137277
0.0133062
0.0352379
0.015803
0.00643837
0.0144169
0.0104773
0.0199786
0.0132576
0.0180802
0.0311882
0.0129038
0.0168898
0.0117612
0.0152205
0.0365456
0.0131294
0.0125885
0.0116155
0.0103338
0.0184601
0.019079
0.0136629
0.0102268
0.013219
0.0145545
