0.0242215
0.0407878
0.0124768
0.00442237
0.0154831
0.0107797
0.0100156
0.0144526
0.0124342
0.0180465
0.00977655
0.0109261
0.0147282
0.0100898
0.012396
0.0117544
0.0127701
0.0122081
0.0121136
0.00960512
0.0109755
0.0105172
0.00592528
0.0121304
0.012
0.00792676
0.0154711
0.0110965
0.0126659
0.0104729
0.0163386
0.0127651
0.00924745
0.0144546
0.00911214
0.00812993
0.0128881
0.0167603
0.014075
0.0091391
0.0116157
0.013336
0.014141
0.0120265
0.0162186
0.0111187
0.00961689
0.0110711
0.00988122
0.0115539
0.0140776
0.00986333
0.0112182
0.0144093
0.0158806
0.0125156
0.00924638
0.00976392
0.0122695
0.0134816
0.00911158
0.0104146
0.0115166
0.0149419
0.013195
0.0156942
0.0161418
0.0125753
0.0122239
0.0136597
0.0102678
0.0124417
0.0164626
0.0165018
0.0116282
0.0160389
0.0113175
0.0118659
0.0103029
0.0124291
0.0104665
0.014797
0.0138994
0.0103832
0.0103948
0.0150525
0.0152202
0.00938442
0.010464
0.00992865
0.0101734
0.0100198
0.0117905
0.0159103
0.0166935
0.00842485
0.0119734
0.0090842
0.0122617
0.00932925
0.0126662
0.0103756
0.0117721
0.0125246
0.0154539
0.0117807
0.0236397
0.00932637
0.0163427
0.0141778
0.0127437
0.0141181
0.0140843
0.0131491
0.0102297
0.0156845
0.0143561
0.0114688
0.00883905
0.00861514
0.015518
0.00875356
0.0113526
0.00973047
0.00701556
0.0125458
0.0125736
0.0162199
0.0182181
0.0147385
0.0136883
0.00899
0.0161879
0.0107811
0.00885552
0.0177295
0.0121195
0.0161532
0.00964549
0.0131467
0.0130455
0.00969298
0.0134708
0.0123064
0.0130428
0.0157048
0.0147419
0.0146869
0.0472744
0.0087615
0.0434282
0.0115062
0.0126038
0.0149512
0.0185514
0.0371517
0.0114872
0.0814685
0.0148595
0.0119316
0.0139128
0.0107063
0.0129616
0.0132766
0.0155664
0.00923245
0.0155474
0.0138381
0.0107985
0.0521977
0.0158083
0.0168994
0.0145836
0.0150868
0.0143875
0.0128063
0.0147606
0.0111295
0.0101932
0.00934175
0.0119879
0.0131198
0.0121172
0.0138288
0.0116107
0.01164
0.0143592
0.0110354
0.00939425
0.015247
0.0152807
0.0230778
0.0380587
0.0891973
0.0720117
0.0461754
0.0166278
0.0110499
0.0129096
0.0148157
0.00431498
0.00928775
0.0112453
0.010984
0.00769236
0.00978512
0.00853749
0.0114742
0.0110003
0.00882911
