0.0971992
0.0880336
0.0140477
0.0235575
0.014857
0.0107218
0.00994269
0.0152385
0.0136879
0.0142786
0.0107982
0.0103069
0.0139636
0.00615336
0.0128793
0.0120822
0.0105449
0.0100995
0.0110182
0.0121984
0.0118615
0.00949982
0.00958786
0.0125735
0.0117205
0.00890253
0.0156675
0.0124565
0.0162031
0.0107573
0.0158234
0.0148454
0.00940356
0.0120016
0.00897848
0.0081876
0.0119005
0.016294
0.0146362
0.00908666
0.0118194
0.0131578
0.0141327
0.0122146
0.0422215
0.0114872
0.00954091
0.00992099
0.0100019
0.011009
0.0150279
0.00945643
0.00215307
0.0105482
0.0152457
0.0068593
0.00912381
0.0096908
0.013978
0.0128789
0.000592812
0.00884442
0.0133719
0.0152455
0.0115866
0.014843
0.0157375
0.0120097
0.0116153
0.0132776
0.0107113
0.0116387
0.0151195
0.0161748
0.0116371
0.0156285
0.0105953
0.0107434
0.0102441
0.011014
0.0107149
0.0143781
0.0160742
0.0102042
0.0107997
0.0154524
0.014939
0.00890456
0.0103462
0.00981023
0.00991306
0.0097115
0.0118634
0.015293
0.0161483
0.0105215
0.0187832
0.00962832
0.0114719
0.00938662
0.0125221
0.0100865
0.0104317
0.0125421
0.0150463
0.0137506
0.0188066
0.0101844
0.0158317
0.0144484
0.0134592
0.00956984
0.0137035
0.01271
0.0102286
0.0155635
0.0138055
0.0175884
0.00825845
0.00857765
0.0157557
0.00866638
0.0115657
0.00978351
0.00922932
0.0120344
0.012877
0.0181717
0.0183642
0.0146035
0.011073
0.0089616
0.015683
0.0106723
0.00880466
0.0150267
0.0117144
0.0163326
0.00962223
0.0125782
0.0181857
0.00949627
0.0136954
0.0122262
0.0138638
0.0161321
0.013919
0.0126936
0.0113128
0.0182738
0.0118653
0.0125518
0.012293
0.0143498
0.0102735
0.0111368
0.0011733
0.0176202
0.0142849
0.00818192
0.014139
0.0107529
0.00975025
0.0128745
0.0157411
0.00935068
0.0151216
0.0150255
0.0105598
0.0124916
0.0177944
0.016767
0.0138277
0.0143551
0.0139634
0.0127587
0.0153103
0.0109045
0.0101687
0.00921253
0.0125511
0.0129552
0.012197
0.0110182
0.00960713
0.0171028
0.0430633
0.00129734
0.00826475
0.0131203
0.0191338
0.0199916
0.025816
0.00942209
0.0432883
0.014006
0.0167859
0.0103741
0.0130015
0.0317428
0.00802368
0.00749453
0.0277271
0.0117545
0.0379498
0.0233859
0.0165721
0.0114783
0.0105258
0.0167756
