0.0339245
0.0327174
0.0155155
0.0643042
0.0150808
0.0110432
0.00803774
0.0148961
0.0146136
0.0168471
0.0209948
0.0111688
0.0154065
0.0116584
0.0118203
0.0109236
0.00590933
0.0128551
0.0121278
0.0123613
0.0116052
0.00944315
0.00927926
0.0135386
0.0118373
0.00905317
0.0156532
0.0108725
0.0136414
0.0104345
0.0182639
0.0116212
0.00943627
0.0153349
0.00899741
0.00828486
0.0115763
0.0165323
0.0150422
0.00906269
0.0118163
0.0130242
0.0145847
0.0124138
0.016783
0.0115925
0.00975262
0.0109352
0.0100581
0.0110839
0.0158944
0.0100641
0.0115836
0.0153672
0.0169129
0.0127243
0.00924583
0.0099755
0.0126791
0.0145637
0.00945893
0.0105381
0.011767
0.0163517
0.0101765
0.0154404
0.0158437
0.0121101
0.0110926
0.0154405
0.0106768
0.0113407
0.0160184
0.0151431
0.0121716
0.0153494
0.0062386
0.0118329
0.0109118
0.0129368
0.0105989
0.0148124
0.0140923
0.00997593
0.0101665
0.0109464
0.0149292
0.00957933
0.0104765
0.00963065
0.0104125
0.00984911
0.011277
0.0160932
0.0155955
0.0126866
0.090964
0.0161212
0.0127061
0.00955134
0.0124066
0.0104991
0.0046447
0.0126844
0.0152198
0.0120231
0.0313461
0.00962836
0.0169167
0.0143638
0.0124475
0.00962278
0.0142791
0.0088689
0.0104982
0.0162938
0.0151877
0.0110905
0.00887408
0.00860499
0.0167219
0.00860289
0.0114782
0.00967683
0.014245
0.0125345
0.0122817
0.0182764
0.0265668
0.0149576
0.0136568
0.00901415
0.017167
0.0106962
0.00901654
0.0152169
0.0122034
0.0163759
0.0097087
0.0124558
0.0272784
0.00977681
0.0136417
0.0123076
0.0120808
0.0171999
0.0146129
0.0156901
0.00977232
0.0313619
0.0125319
0.00185971
0.0117304
0.0154507
0.0106932
0.0116509
0.0109244
0.0968304
0.0168181
0.0119996
0.0133918
0.0113886
0.00965009
0.0133614
0.0163562
0.00908472
0.0158236
0.0155778
0.0112582
0.0520825
0.0154367
0.0158276
0.0144349
0.0153968
0.0145608
0.0130245
0.0171421
0.0112173
0.0102934
0.00942229
0.0123248
0.0130044
0.0122227
0.00998184
0.0109898
0.0129532
0.0756935
0.012526
0.0143099
0.0141107
0.0135371
0.0117605
0.0167544
0.0154852
0.0168472
0.0143392
0.0176822
0.0122265
0.0182872
0.013001
0.00922486
0.00895733
0.0114985
0.0093283
0.0319411
0.00263428
0.0109929
0.0125154
0.00774703
0.0142578
