0.0868533
0.0302511
0.015198
0.0183095
0.0140657
0.0224463
0.00991536
0.0152087
0.0127025
0.0200163
0.00963331
0.0110719
0.0147137
0.00955099
0.0117959
0.0116497
0.0125681
0.0123181
0.0114191
0.0126391
0.00827414
0.0107534
0.00946466
0.0127568
0.0116649
0.00865812
0.0140577
0.010034
0.0199415
0.0101506
0.0162952
0.0118565
0.00931486
0.0137265
0.00745025
0.00803781
0.0108667
0.0159725
0.0138818
0.0100372
0.0118075
0.0120316
0.0146787
0.0124878
0.0158073
0.0105243
0.0100919
0.0111362
0.00996517
0.011221
0.0142599
0.00949426
0.0111867
0.014635
0.0140381
0.0110353
0.00909729
0.00948866
0.0121597
0.0141067
0.00897579
0.0104726
0.0107916
0.0152685
0.0134991
0.0149311
0.0157686
0.0124579
0.0114511
0.0152043
0.00997154
0.0106557
0.0152373
0.0162716
0.0118597
0.0137562
0.0108597
0.0113355
0.013834
0.0115978
0.010313
0.0139225
0.0132179
0.00950694
0.00991967
0.0164885
0.0130282
0.0092267
0.010543
0.0094182
0.00955527
0.00986178
0.0120282
0.0156487
0.016181
0.0102296
0.0657513
0.0129135
0.0133644
0.00815117
0.0119355
0.00943474
0.0116851
0.0126783
0.0133905
0.012534
0.0645456
0.00907629
0.0155379
0.0141489
0.0122566
0.00740338
0.0122424
0.0117437
0.00983185
0.0158083
0.0125119
0.00740344
0.00868456
0.0106634
0.0163919
0.00846998
0.0104552
0.00937309
0.0767646
0.0114881
0.0115767
0.0181637
0.0174443
0.0162359
0.0136763
0.00883456
0.0157438
0.0112529
0.0087708
0.0148821
0.0116186
0.016279
0.00941945
0.0117094
0.00908172
0.0096886
0.0128462
0.0122201
0.0122488
0.0158921
0.0149817
0.0142198
0.022413
0.0151965
0.0120072
0.00706182
0.0107435
0.0149407
0.0105839
0.0195023
0.0106127
0.104078
0.0137545
0.013051
0.0125633
0.011067
0.00938128
0.0116752
0.0159937
0.00898815
0.0144848
0.0142175
0.0110418
0.0737445
0.0132424
0.0166425
0.0146909
0.014303
0.0132884
0.0122755
0.0138305
0.0101025
0.0104546
0.00909548
0.0119575
0.011702
0.0120231
0.0102679
0.0120188
0.0141497
0.0186316
0.0117328
0.00809979
0.012974
0.0145764
0.01196
0.0533239
0.014664
0.0532993
0.0145596
0.0162616
0.0105976
0.0179452
0.014163
0.0176162
0.00913019
0.0112346
0.0105585
0.0155168
0.0124972
0.00968585
0.0127868
0.00747837
0.181474
