0.0441996
0.0677978
0.0116667
0.00651896
0.014159
0.0106436
0.00987896
0.0147679
0.0117276
0.0179807
0.0102335
0.0110994
0.0144173
0.00985068
0.0114509
0.00914646
0.0104573
0.0115828
0.0105112
0.00936014
0.0115639
0.00943023
0.00681511
0.0123929
0.0114243
0.00884912
0.0143024
0.00953983
0.0119048
0.0102174
0.0157333
0.0116053
0.00917791
0.0135104
0.00690953
0.00805604
0.0119074
0.0158234
0.0132725
0.00898572
0.0115143
0.0124346
0.0194584
0.0117464
0.015435
0.0107442
0.00958324
0.010714
0.0101266
0.0108927
0.015087
0.0098162
0.0108595
0.0143112
0.0150727
0.0118619
0.00907875
0.00947955
0.0120915
0.0142611
0.00906608
0.010303
0.0155215
0.0151013
0.0126343
0.0140705
0.0154049
0.0119302
0.0115921
0.0147606
0.00989721
0.0112
0.0154918
0.0153542
0.0119037
0.0134254
0.0101697
0.0110529
0.00983445
0.0117034
0.0102223
0.0134736
0.0134885
0.0099625
0.0101223
0.0146426
0.0150245
0.00938924
0.0102093
0.00945882
0.00971307
0.00955031
0.0111552
0.0151284
0.015672
0.00937533
0.010664
0.0106205
0.0121489
0.00935245
0.0120622
0.00984864
0.0110402
0.0133745
0.0143008
0.0121433
0.0314362
0.00922043
0.0156615
0.0136036
0.0122288
0.00911815
0.0122415
0.0128511
0.00985886
0.0148345
0.013513
0.0101415
0.00787825
0.008437
0.0161671
0.00846281
0.0103033
0.00949554
0.00795706
0.0114735
0.0121284
0.0174573
0.0170657
0.0152203
0.0134017
0.00883331
0.0149766
0.0110705
0.00879208
0.0196191
0.0118845
0.0157935
0.00945062
0.0120158
0.0131731
0.00940874
0.0129748
0.0118317
0.0120585
0.0156224
0.0140763
0.0149504
0.0232455
0.0103428
0.0148095
0.0115415
0.0113697
0.0146746
0.0692688
0.0706488
0.0107777
0.0918401
0.0127877
0.0143931
0.0128505
0.010871
0.0100251
0.0119416
0.0154058
0.00904143
0.0138696
0.0141506
0.0105566
0.0439538
0.0145738
0.0154053
0.0144004
0.0146363
0.0136845
0.0126984
0.0149152
0.0104776
0.00894937
0.00907134
0.0127536
0.0104994
0.0116553
0.00807983
0.0165577
0.0109427
0.0157429
0.0106329
0.0122116
0.0153492
0.00524062
0.0220295
0.0202129
0.0328306
0.0984477
0.064105
0.0160354
0.0103896
0.0161573
0.011635
0.00776525
0.00923672
0.0141817
0.0103284
0.00988844
0.00705489
0.0101885
0.0127121
0.0126241
0.0187949
