0.0969369
0.0205934
0.0124457
0.0117841
0.0137713
0.00999239
0.0103297
0.0139662
0.0119494
0.014734
0.00958318
0.0154439
0.0151223
0.00975325
0.0109037
0.0105694
0.00776022
0.0111909
0.01138
0.011383
0.0115082
0.00947821
0.00877282
0.0117785
0.0116068
0.00877539
0.0148282
0.00963185
0.0136864
0.0101514
0.0157878
0.0124123
0.00923822
0.013781
0.00880372
0.00805375
0.0119222
0.016233
0.014353
0.0089585
0.0112964
0.0126018
0.013742
0.0115081
0.0333305
0.0105965
0.00978154
0.0116401
0.00965226
0.0141451
0.0144297
0.0125957
0.0107891
0.0138923
0.014865
0.01105
0.00908858
0.00946756
0.0118787
0.0141439
0.010209
0.0102491
0.0143633
0.0147685
0.0160308
0.0134177
0.015184
0.0116684
0.0113893
0.0139632
0.052864
0.0113062
0.0155423
0.0151962
0.0119234
0.0133773
0.0104855
0.010997
0.00907003
0.0113706
0.0101664
0.026806
0.0157316
0.0100216
0.0102186
0.0187449
0.0147031
0.0134198
0.0101618
0.00937322
0.00987982
0.00947391
0.0114284
0.0150061
0.0153051
0.0101198
0.0115075
0.00951065
0.0204462
0.00926874
0.0125461
0.00985737
0.0782293
0.0129815
0.0138559
0.0121224
0.016197
0.0106715
0.0160415
0.016581
0.0121041
0.00906611
0.0301934
0.0125996
0.00978732
0.0232959
0.0133101
0.0750624
0.0132908
0.00844749
0.0156203
0.00846837
0.0101996
0.00948065
0.00804195
0.0112969
0.0119931
0.0171317
0.0170632
0.0148619
0.0128179
0.00874314
0.0148231
0.013502
0.00870372
0.0149296
0.0121951
0.0162555
0.00804438
0.0122051
0.0138421
0.00929599
0.0129002
0.0117418
0.0120811
0.0159105
0.0144067
0.0147495
0.0103238
0.0107924
0.0118137
0.0108038
0.0119303
0.0144384
0.0102012
0.0129658
0.0106575
0.0215324
0.0133178
0.0106408
0.0131381
0.0103167
0.00938956
0.0121028
0.0152064
0.0127016
0.0140332
0.0140333
0.0102218
0.0110692
0.014192
0.0147103
0.0801209
0.0151458
0.0137079
0.012552
0.0635051
0.0127964
0.00988076
0.00903184
0.0160511
0.0242932
0.0115331
0.00700755
0.0478269
0.0116527
0.0166356
0.0199384
0.0132039
0.0399073
0.0204281
0.0119548
0.0135652
0.0174846
0.0575933
0.0168969
0.0164307
0.0140812
0.0750893
0.0529705
0.0724297
0.0319962
0.0150749
0.0149788
0.0144268
0.0659946
0.0842884
0.0127549
0.0131685
0.0115814
