0.00926583
0.0217448
0.0129577
0.0129338
0.0137428
0.0101473
0.00994966
0.0151479
0.0111666
0.0146119
0.00979158
0.0109075
0.0150643
0.0100939
0.0119491
0.0104808
0.00950505
0.0118512
0.0107779
0.011073
0.00971305
0.00881525
0.00888906
0.0126421
0.010988
0.0090375
0.0148343
0.0104776
0.0152732
0.0104824
0.0162255
0.0123666
0.00928725
0.0142961
0.00770239
0.00816877
0.0117268
0.0163866
0.0150875
0.00903104
0.0114314
0.0122738
0.0129669
0.0120817
0.0164947
0.0107975
0.00968868
0.0109553
0.00983556
0.0107289
0.0154392
0.0100166
0.0110545
0.0143345
0.0148029
0.0121099
0.00914812
0.00955571
0.0128259
0.0141616
0.00904695
0.010483
0.0116894
0.0165904
0.0134152
0.0147569
0.0155376
0.011755
0.0110401
0.0143755
0.0102889
0.0116962
0.0147483
0.0159195
0.0116827
0.0144819
0.0106579
0.0114213
0.0108738
0.012047
0.0103977
0.0143873
0.0138447
0.00997435
0.0103976
0.0148819
0.0140074
0.00927982
0.0103198
0.0095181
0.00998147
0.00967006
0.0114211
0.0156136
0.0159535
0.010725
0.00679239
0.0106066
0.0123412
0.0092734
0.0123623
0.0098988
0.00968909
0.0125448
0.0145248
0.0118815
0.0618222
0.00942265
0.0162881
0.0140657
0.0121424
0.0091522
0.0135415
0.0132435
0.0100849
0.015186
0.0138675
0.0110439
0.00876844
0.00859652
0.0154682
0.00858706
0.0110735
0.00977237
0.0274797
0.011667
0.0119795
0.02823
0.0175125
0.0154576
0.0132107
0.00887085
0.0156018
0.0109834
0.0088502
0.0665313
0.0120716
0.0162712
0.00968275
0.0119612
0.0116942
0.00960912
0.013382
0.012472
0.0123888
0.0158917
0.0147569
0.0151587
0.00674701
0.00591236
0.0120258
0.0111155
0.0116995
0.0143523
0.013189
0.0194861
0.0107695
0.0866612
0.013644
0.0169963
0.0130199
0.0109791
0.00972131
0.0125368
0.0153956
0.00909414
0.0153214
0.0146552
0.0110679
0.0322507
0.0146833
0.016252
0.0147257
0.0146815
0.0138618
0.0128707
0.0155902
0.0115747
0.00918876
0.00914633
0.0120473
0.0124262
0.011931
0.00353453
0.00749281
0.0108306
0.0172326
0.0296791
0.00583068
0.0161349
0.0122707
0.0141944
0.0331456
0.0674422
0.0767714
0.0503346
0.0179555
0.0108446
0.0148481
0.0143099
0.00893948
0.00917699
0.0112123
0.0106554
0.00681812
0.00858972
0.0121442
0.0122434
0.011898
0.0148632
