0.0483887
0.0732712
0.0143864
0.00557538
0.0143536
0.0105207
0.0098178
0.0149892
0.0132896
0.0143484
0.010102
0.0108432
0.0148154
0.0109849
0.0126191
0.0118257
0.0121155
0.0125981
0.0121763
0.010798
0.0115062
0.00965959
0.00922139
0.0132722
0.0116511
0.00917242
0.0152808
0.0114823
0.0156205
0.0104
0.0162614
0.0126176
0.00938756
0.0133848
0.0103866
0.00823228
0.0111494
0.0137769
0.0157315
0.00947762
0.0110553
0.0127207
0.0140439
0.0127406
0.0167726
0.0110169
0.00966165
0.0112914
0.0101702
0.0107784
0.015381
0.0100778
0.0112297
0.0146605
0.0156865
0.012217
0.00933135
0.0096829
0.0123829
0.0141566
0.00924431
0.0103633
0.00925163
0.0165552
0.0135228
0.0150821
0.0155653
0.0123998
0.011154
0.015026
0.0115174
0.0109671
0.0153947
0.0171792
0.0117118
0.0151941
0.00945696
0.0116858
0.0104452
0.0121442
0.0107485
0.0147753
0.0136632
0.00993964
0.0108444
0.0148416
0.0148936
0.00951701
0.010388
0.00965259
0.00998044
0.00981448
0.0121563
0.0155745
0.0156237
0.0155265
0.0202341
0.00934477
0.0130804
0.00967859
0.011875
0.01021
0.0221167
0.0121146
0.0144363
0.0132279
0.0250847
0.00932595
0.0166606
0.0143522
0.013246
0.0109526
0.0139417
0.0134381
0.0102768
0.0155903
0.0144625
0.0115127
0.00889729
0.00861598
0.0156712
0.0085726
0.011533
0.00970086
0.028031
0.0125547
0.0123798
0.0170184
0.018029
0.0153958
0.0142842
0.00890259
0.0161913
0.0107557
0.0089037
0.0127688
0.0117112
0.0162645
0.0124559
0.0124358
0.0131517
0.00954988
0.0135713
0.0124097
0.0127051
0.0198256
0.0146504
0.0156107
0.0110044
0.00860253
0.0122197
0.0156277
0.0119583
0.0147262
0.0113605
0.0128516
0.011384
0.0521037
0.0123879
0.00993311
0.0133067
0.0114105
0.00987235
0.0131791
0.0160586
0.00901684
0.0156947
0.015371
0.0107896
0.0210083
0.0149828
0.0162426
0.0149239
0.0151185
0.0138529
0.0127787
0.0154104
0.0119193
0.00984813
0.00923794
0.0120129
0.012972
0.0121563
0.0155493
0.0110281
0.0153393
0.0176955
0.023815
0.0156663
0.0144071
0.0148264
0.0121114
0.0336235
0.0302332
0.0437954
0.0128774
0.0162661
0.0109982
0.0130066
0.0153717
0.00844146
0.00935649
0.0123712
0.0106245
0.0314698
0.0132595
0.0118692
0.0118123
0.0278446
0.0191221
