0.113375
0.139987
0.0155302
0.0116515
0.0156977
0.0119806
0.0118825
0.0174888
0.0133533
0.013853
0.0100678
0.0119263
0.0149324
0.0106616
0.0146851
0.0109812
0.0114946
0.0131256
0.0129586
0.0150944
0.0122819
0.00991659
0.00969686
0.0149058
0.011987
0.00985418
0.0159951
0.0147789
0.0150533
0.0105847
0.0177416
0.0141335
0.0268771
0.0161639
0.00968125
0.00858073
0.0122833
0.018524
0.0167945
0.00956958
0.0128361
0.013292
0.0158678
0.0144183
0.0244077
0.0124817
0.0132743
0.0132503
0.0101591
0.0121367
0.017557
0.0131851
0.0125926
0.015992
0.0159914
0.0139878
0.00972031
0.0101355
0.0132559
0.0160914
0.00947177
0.0121713
0.0788278
0.0174193
0.0162782
0.0161228
0.0168288
0.043781
0.0134683
0.0159088
0.0108027
0.0121316
0.0340313
0.035725
0.015657
0.0191638
0.0193177
0.0129005
0.0134312
0.013837
0.0121657
0.0159895
0.0148722
0.0108652
0.026421
0.0165803
0.0127927
0.00990047
0.01126
0.010913
0.0108897
0.00999643
0.011847
0.0171016
0.0162602
0.0137338
0.0143975
0.0102321
0.0150567
0.0100672
0.0127354
0.0129452
0.080282
0.0134284
0.0147079
0.020795
0.0183578
0.00942814
0.0183366
0.0178752
0.0159039
0.010347
0.0151588
0.0144734
0.0106497
0.016526
0.0142059
0.0195768
0.0263819
0.00884442
0.0178749
0.00893988
0.0127868
0.0102469
0.00884157
0.0139349
0.0127955
0.0188088
0.0194527
0.0156079
0.0195587
0.00950663
0.0172839
0.0116058
0.00972131
0.0160599
0.0118415
0.0180908
0.00985505
0.0133511
0.0127159
0.0100445
0.0148013
0.0139504
0.0151163
0.017523
0.0163779
0.0158551
0.0131151
0.011149
0.0136341
0.0132831
0.0129101
0.0159096
0.0114099
0.012446
0.0128569
0.0130953
0.014658
0.00978043
0.0139737
0.0125585
0.0100466
0.0138099
0.0160863
0.0110494
0.0159784
0.0176543
0.0126464
0.012479
0.0151166
0.0175279
0.0833976
0.0163544
0.0151714
0.013114
0.0172294
0.012465
0.0104595
0.00978375
0.0150752
0.0212293
0.0127605
0.00879466
0.0143261
0.0111244
0.0741847
0.0159016
0.0118849
0.0146538
0.0177492
0.0605013
0.035007
0.0268093
0.0881124
0.017008
0.0182218
0.0110403
0.0194765
0.0803977
0.00687149
0.0132632
0.0240307
0.0147286
0.0398815
0.0443184
0.0393557
0.0130317
0.0131702
0.0173973
