0.0837567
0.0874615
0.0139614
0.0515462
0.0167712
0.0810114
0.0102262
0.0145354
0.014919
0.0152604
0.00919668
0.0105983
0.0153998
0.01015
0.0119643
0.00795934
0.0073172
0.0116438
0.011961
0.0108636
0.0111956
0.00931454
0.00924447
0.012378
0.011847
0.00880416
0.0156226
0.0108222
0.0123462
0.0101062
0.0168271
0.0172545
0.00798542
0.023585
0.00897502
0.00821
0.0113644
0.0164883
0.0140311
0.00906498
0.0121429
0.0131877
0.0140874
0.0120109
0.0163276
0.0109967
0.00960675
0.0101794
0.00983157
0.0111519
0.0144215
0.0100761
0.0105444
0.0151014
0.01613
0.012092
0.00928634
0.00972249
0.0117242
0.0135874
0.00902268
0.0102496
0.00636327
0.0158974
0.0144035
0.0156593
0.0158542
0.0123646
0.0113346
0.013604
0.0103263
0.0115296
0.0177896
0.0157587
0.0117515
0.0158297
0.0109734
0.0115669
0.0106264
0.0127906
0.0100709
0.0148313
0.0137926
0.00978754
0.0104488
0.0157291
0.0149139
0.00946906
0.0101744
0.00976109
0.0101354
0.00983191
0.0110442
0.0158391
0.0163337
0.00993843
0.0498819
0.00926088
0.0120127
0.00950068
0.0122019
0.00995529
0.0466752
0.0127166
0.0152159
0.0114925
0.0326297
0.00933372
0.0163638
0.0143575
0.0121154
0.00961328
0.0139439
0.0112423
0.0100794
0.0159424
0.0145583
0.00793883
0.0125188
0.00859841
0.0161843
0.00861389
0.0110637
0.00970748
0.0371527
0.0121289
0.0122975
0.018482
0.0183659
0.0148212
0.0117374
0.0090762
0.0158478
0.010707
0.00878021
0.0178267
0.0123271
0.0173674
0.00959564
0.0124188
0.0272639
0.00969734
0.0133619
0.0119871
0.0112113
0.0161516
0.0143823
0.0132963
0.0111501
0.0802459
0.0121886
0.010976
0.0117895
0.014788
0.0105208
0.0127892
0.0112086
0.0713669
0.0113949
0.00922797
0.0139127
0.0106124
0.00963763
0.0132706
0.0153874
0.00899122
0.0161078
0.0143139
0.0109751
0.0260626
0.0159654
0.0164425
0.016214
0.014574
0.0144498
0.0123419
0.0145592
0.0116146
0.0103073
0.00927686
0.0115572
0.0133775
0.0118187
0.0726194
0.0163777
0.0122824
0.0410302
0.0164679
0.0108277
0.0141079
0.0135701
0.0117932
0.0153647
0.0215839
0.0669282
0.013436
0.0172733
0.0129505
0.0153671
0.0137871
0.0107439
0.0100881
0.0116565
0.0110274
0.0272656
0.00307014
0.0158325
0.011708
0.0152879
0.00912265
