0.06715
0.0697777
0.0128722
0.0107016
0.0141578
0.0106296
0.00992512
0.0143205
0.0112719
0.0145346
0.00859526
0.0106615
0.0156296
0.00952973
0.0112168
0.00847643
0.0101313
0.0101909
0.00837242
0.0111261
0.0110415
0.00923035
0.00902087
0.012096
0.0115681
0.00867777
0.0148347
0.0113101
0.0146988
0.0101571
0.016431
0.0139117
0.00319134
0.0125278
0.00876651
0.00805071
0.0116272
0.0163854
0.0139385
0.00889138
0.0117673
0.0130203
0.0137659
0.0121961
0.0180301
0.0108766
0.00734524
0.0100031
0.0099293
0.0112274
0.0136995
0.011137
0.010968
0.0143632
0.0148234
0.0116954
0.00907951
0.00956502
0.011513
0.0130557
0.00897323
0.0100111
0.036816
0.0138638
0.0567111
0.0140281
0.0150849
0.00597755
0.0112901
0.0131708
0.0114449
0.0114845
0.0192684
0.0172042
0.011376
0.0151914
0.00882273
0.0108015
0.00904244
0.0120835
0.00983953
0.0134777
0.0134702
0.00969436
0.0118047
0.0133838
0.0167856
0.00929749
0.0101161
0.00956999
0.00980996
0.00943699
0.0109746
0.0152078
0.0155782
0.0101202
0.015299
0.00951932
0.0179524
0.00918443
0.0127426
0.00917281
0.0832216
0.012704
0.0140572
0.0126867
0.0159585
0.00825489
0.015217
0.0132279
0.0114662
0.00923581
0.0148611
0.0130008
0.0100882
0.0152854
0.0138691
0.0200269
0.0401109
0.00805853
0.0152701
0.00850961
0.0103137
0.00961181
0.00709783
0.0122228
0.0124738
0.0175374
0.0170971
0.014031
0.00729949
0.008912
0.015066
0.00900155
0.00876114
0.0143313
0.011906
0.0162577
0.00919565
0.0127198
0.00953585
0.00948787
0.0129279
0.0116743
0.0120614
0.0158548
0.0140378
0.0145792
0.0111701
0.00950805
0.0118369
0.0107154
0.0108685
0.0142843
0.0102438
0.0109471
0.0101974
0.0106222
0.0138579
0.00919259
0.0132485
0.0106353
0.00968474
0.0127841
0.0152375
0.00675317
0.01414
0.0140512
0.0104428
0.0102793
0.0154565
0.0157841
0.0816512
0.0156897
0.0140199
0.0119665
0.0138153
0.00989245
0.0100038
0.00912776
0.00981356
0.0100761
0.0114273
0.00378369
0.00491992
0.00591304
0.0273795
0.0136157
0.00683888
0.016357
0.0110932
0.0206196
0.010522
0.00576052
0.027392
0.0117139
0.0163004
0.011522
0.0125298
0.0514425
0.0214271
0.0464756
0.0170727
0.0105126
0.0241951
0.00383418
0.0118064
0.0117093
0.0121909
0.0135649
