0.142107
0.0953312
0.0167049
0.0104368
0.0163528
0.0132019
0.0120242
0.0183259
0.0148309
0.0163662
0.0119768
0.0133954
0.0167375
0.0121579
0.0162813
0.0123242
0.0120743
0.0135989
0.0151838
0.0164595
0.0130349
0.0106794
0.0104549
0.0149337
0.0119047
0.010224
0.0180119
0.0112292
0.0144227
0.0125689
0.0185676
0.0173234
0.0218068
0.0199181
0.0104466
0.00905513
0.0148803
0.0187148
0.017893
0.0102747
0.0132021
0.0158758
0.0176683
0.0144188
0.0248763
0.013325
0.0109436
0.0116997
0.011376
0.0132475
0.0178708
0.0111738
0.0121034
0.0191189
0.0209605
0.0167716
0.00995692
0.0108241
0.0147906
0.0160538
0.0101203
0.0122694
0.0848735
0.0236799
0.0196573
0.0191514
0.0187214
0.0234045
0.0140229
0.0175267
0.0123122
0.0138307
0.0219961
0.0210009
0.0113676
0.02179
0.011312
0.01147
0.0128054
0.0142292
0.0140933
0.0168637
0.0126776
0.0125299
0.102449
0.0274468
0.0183271
0.0110939
0.0120982
0.0117504
0.0119913
0.0106014
0.0142609
0.0196818
0.0190077
0.0105675
0.0491465
0.0145561
0.0158975
0.0110065
0.0145015
0.0102706
0.127889
0.0172376
0.017438
0.0131177
0.0264278
0.0104355
0.0200857
0.0173336
0.01477
0.0113366
0.0134591
0.0205775
0.0109938
0.0240691
0.0168352
0.0292614
0.0269087
0.00934715
0.0197295
0.00945563
0.0130733
0.0114004
0.0185929
0.0152823
0.0138621
0.0204899
0.0155544
0.0172699
0.0174975
0.0101847
0.0205035
0.0116783
0.0101468
0.0177869
0.013301
0.019159
0.0110571
0.0141083
0.0183932
0.0106114
0.0162835
0.015432
0.0172753
0.021921
0.0153597
0.018319
0.0147694
0.0154312
0.0145562
0.0195022
0.0145027
0.0169507
0.011429
0.0125648
0.026818
0.0393676
0.023615
0.010586
0.0153121
0.0126084
0.0114761
0.0157656
0.0188776
0.0112821
0.0184198
0.0180955
0.0124289
0.0357425
0.0176751
0.0199444
0.0873486
0.016878
0.0167807
0.0160241
0.0185182
0.0141907
0.0120713
0.0109055
0.0137661
0.0164078
0.0136456
0.0168582
0.0127089
0.0202179
0.177607
0.0211735
0.0100276
0.0166159
0.0225094
0.0275523
0.0229298
0.0269267
0.0290532
0.0190254
0.0212348
0.0125029
0.0280497
0.0408975
0.0130188
0.00615366
0.0174916
0.0140581
0.0387698
0.0455232
0.0237886
0.0128626
0.016069
0.0173665
