0.0140637
0.0270915
0.0125967
0.0174425
0.0148436
0.0109998
0.00981893
0.0146569
0.0130026
0.0153465
0.00744044
0.0109602
0.0155474
0.0100592
0.0120166
0.00904511
0.0109457
0.0117153
0.0116252
0.0112843
0.0114299
0.00999262
0.00722297
0.0126132
0.0119827
0.00888022
0.0152249
0.0114113
0.0143687
0.010628
0.0161869
0.0128664
0.00901354
0.0143067
0.00895382
0.00817198
0.0118414
0.0159888
0.0146068
0.00896571
0.0114601
0.0128093
0.0144417
0.0120528
0.0161286
0.0107378
0.00960744
0.0108682
0.0103886
0.011208
0.0150208
0.00973494
0.0109459
0.0144142
0.0157906
0.0123259
0.00916524
0.00970531
0.0122909
0.0143734
0.00907637
0.0102796
0.013074
0.0153388
0.0127858
0.0160536
0.0156729
0.0127619
0.0116225
0.0137134
0.0103776
0.0115326
0.0155138
0.0157219
0.0115453
0.0149845
0.0108398
0.0113206
0.0102168
0.0124647
0.0106784
0.0141488
0.0135612
0.0105647
0.0101437
0.0157401
0.0150107
0.00929861
0.0103961
0.00952308
0.0100132
0.00990906
0.0118123
0.0158896
0.0167751
0.0286959
0.0206682
0.00932556
0.0119052
0.00934813
0.0118782
0.010363
0.0143654
0.0123866
0.0150881
0.0125727
0.0307763
0.00939782
0.016111
0.0122979
0.012746
0.0103105
0.0136254
0.0110653
0.0100542
0.0154662
0.0140079
0.0119348
0.0124394
0.0085654
0.0187776
0.00863376
0.0110766
0.00981988
0.00951623
0.0118398
0.0123131
0.0160017
0.0168696
0.0152491
0.0135235
0.00881276
0.0170869
0.0107637
0.00885015
0.0299014
0.0118574
0.0165216
0.00979286
0.0122747
0.01322
0.00977576
0.0134131
0.0120027
0.0123041
0.0164825
0.0142971
0.0194061
0.0167763
0.0121369
0.00882387
0.0112894
0.01213
0.0148183
0.0102673
0.0253204
0.010912
0.0715064
0.0140746
0.00913967
0.0131435
0.0109175
0.00904983
0.013153
0.0154856
0.00892365
0.0160974
0.0143911
0.0108262
0.0415495
0.0156131
0.0158859
0.0150965
0.0147533
0.0140445
0.0129656
0.0153506
0.0107547
0.00130703
0.00944486
0.011939
0.0126069
0.0120233
0.0105083
0.0100123
0.0106791
0.0141991
0.00817845
0.00701904
0.0128305
0.0132376
0.0104174
0.0282019
0.0722853
0.0176817
0.0175744
0.0167144
0.0107892
0.0146636
0.0147062
0.00982657
0.0094451
0.0103653
0.0105999
0.00891239
0.016845
0.0141366
0.0119131
0.00979855
0.0155821
