0.0607843
0.0156611
0.0133878
0.0103987
0.0145718
0.0110879
0.0100014
0.0152872
0.0127595
0.0144094
0.00963575
0.0113335
0.0155898
0.0103359
0.0122733
0.0116774
0.0102398
0.0101478
0.0102151
0.0121994
0.0117765
0.00970615
0.0094061
0.0129232
0.0121037
0.00903016
0.0158046
0.00983487
0.0134861
0.0105603
0.0160373
0.0130035
0.0093768
0.0145443
0.00915663
0.00821185
0.0116766
0.0169014
0.0148524
0.00918128
0.0116225
0.0132316
0.0145744
0.0122605
0.0224023
0.0113943
0.0158863
0.00659424
0.00995499
0.00965591
0.0146101
0.021059
0.0110073
0.0141829
0.0165818
0.0125889
0.00929359
0.00973871
0.0125366
0.0136709
0.00930059
0.0105447
0.05303
0.0158177
0.0217184
0.0139463
0.0159698
0.0180173
0.0115436
0.014435
0.0108969
0.0114763
0.0164779
0.0147081
0.0119621
0.0151557
0.010329
0.0113686
0.0196102
0.0144765
0.0109811
0.011545
0.0174625
0.0101403
0.00702722
0.0130589
0.0222938
0.00956407
0.0104293
0.00977527
0.0100741
0.00983979
0.011574
0.0159383
0.0162156
0.0110111
0.0123456
0.00961996
0.029182
0.00966356
0.0126641
0.00653177
0.0432651
0.0127526
0.0143066
0.012828
0.0167202
0.0126768
0.0159212
0.0121663
0.012554
0.00950623
0.0116723
0.0134802
0.0100608
0.0138058
0.0143234
0.0329089
0.0195515
0.00869632
0.0163606
0.00865709
0.0114527
0.0100061
0.00837912
0.0119871
0.0125296
0.0181074
0.0178439
0.0154236
0.0132616
0.00904228
0.0170622
0.0107674
0.00892217
0.0148372
0.0123726
0.0163374
0.00979715
0.012601
0.0133925
0.00963999
0.0135239
0.0119766
0.0124887
0.0169421
0.0145447
0.0152568
0.0119554
0.0100386
0.0125764
0.0118109
0.0105771
0.0149931
0.0104469
0.0111872
0.0115612
0.0113159
0.0149484
0.00932488
0.0133943
0.0110926
0.00982523
0.0130738
0.0160678
0.00946705
0.0156166
0.0148095
0.0113613
0.0113734
0.0158637
0.0165629
0.070592
0.014334
0.0141516
0.0131173
0.0134647
0.00997112
0.0100329
0.00963655
0.0115941
0.0177067
0.0117091
0.00852757
0.0118611
0.0116449
0.0343576
0.0126204
0.00921138
0.0142598
0.0134415
0.013504
0.0198779
0.0158035
0.0152845
0.0137627
0.0168601
0.00620217
0.0145866
0.0389524
0.000401415
0.0295205
0.0135771
0.0109139
0.0474622
0.00391997
0.0104755
0.0123501
0.0101634
0.012818
