0.0409093
0.0373698
0.0122967
0.0277894
0.0139373
0.0112666
0.00890285
0.0156713
0.0139979
0.0145542
0.0118901
0.00848339
0.0158839
0.010824
0.0103495
0.011035
0.00917226
0.0116462
0.011181
0.0125876
0.0121725
0.00984694
0.00985951
0.0135263
0.0120978
0.00928754
0.0151845
0.0113336
0.0116542
0.0107916
0.0166559
0.0114285
0.0107248
0.0111969
0.00951772
0.00851248
0.0115356
0.0171485
0.0151783
0.00942774
0.0119271
0.0130256
0.0150484
0.0121842
0.0152031
0.0117744
0.0100817
0.0112181
0.0101945
0.0114869
0.0156228
0.0103639
0.0117191
0.0145713
0.0160905
0.0139195
0.00959668
0.00996015
0.0128591
0.0137633
0.00949144
0.010785
0.0123831
0.0152768
0.0126123
0.0156134
0.0159047
0.0125248
0.0118277
0.0143987
0.0113094
0.0116772
0.0149325
0.0166508
0.0121016
0.0151077
0.0111481
0.0123032
0.0112155
0.011921
0.0110635
0.0146523
0.01407
0.0104952
0.0102501
0.013424
0.0150039
0.00994679
0.0106946
0.0101359
0.0106102
0.010097
0.011817
0.0159763
0.0160236
0.0137887
0.0391622
0.00891979
0.0115243
0.0100376
0.0128085
0.01062
0.0162652
0.0129531
0.0143138
0.011912
0.0148431
0.00992729
0.0162939
0.0143908
0.0132056
0.00676985
0.0126957
0.0131114
0.0104767
0.0148117
0.0140793
0.0156582
0.0104379
0.00966421
0.0167198
0.00894609
0.0121606
0.0100591
0.0275653
0.0126381
0.0128845
0.01832
0.0152094
0.0151689
0.0136173
0.00930276
0.0175241
0.0104893
0.00921539
0.014482
0.0121757
0.0161263
0.0100361
0.0125227
0.0148386
0.00977591
0.0137811
0.0123372
0.0131482
0.0165923
0.0153006
0.0151254
0.0135502
0.0122109
0.0130522
0.00755655
0.0121318
0.0154678
0.0112105
0.0127985
0.0115674
0.0487832
0.0145044
0.0133386
0.0140471
0.0112551
0.0100848
0.0129553
0.0161228
0.00966587
0.0157525
0.0155326
0.011832
0.0349909
0.0155016
0.0169855
0.0128825
0.0150739
0.0142563
0.0133506
0.0164301
0.0120437
0.0101423
0.0097453
0.0128505
0.0101291
0.01214
0.00741662
0.0116241
0.0119337
0.019458
0.00989207
0.0171556
0.0142489
0.0129644
0.0125737
0.0156097
0.0112411
0.00921027
0.0137458
0.0170066
0.0112492
0.0130484
0.063392
0.00773747
0.0102543
0.0142271
0.010963
0.0638474
0.00387501
0.0106696
0.0121464
0.0124253
0.00943161
