0.0258667
0.0147813
0.0144063
0.0100802
0.0152605
0.0116327
0.0104747
0.015864
0.0132827
0.0145458
0.0105648
0.0118621
0.0162312
0.0107238
0.0128007
0.0120859
0.00764626
0.0127248
0.0123905
0.0113392
0.0111462
0.00878611
0.0103366
0.0135508
0.0130479
0.00978305
0.0153724
0.0119508
0.0131688
0.0107845
0.0104867
0.0124518
0.0101678
0.0146362
0.00798863
0.00842729
0.0121474
0.0158884
0.0162152
0.00952292
0.0133588
0.0126856
0.0147739
0.0134001
0.0167183
0.0117038
0.0107398
0.0120526
0.0107301
0.011887
0.0162044
0.01116
0.012629
0.0152249
0.0159496
0.0106586
0.00964801
0.010052
0.013821
0.0134526
0.00959822
0.0110267
0.0115273
0.0170262
0.0142079
0.0153072
0.0163267
0.0128231
0.0112956
0.0167101
0.011886
0.012413
0.0153051
0.0175552
0.0125532
0.0157567
0.0121219
0.0122338
0.0130291
0.0134905
0.0106894
0.0156526
0.0153461
0.0104187
0.0109832
0.0152456
0.0152618
0.0106272
0.0111278
0.00972416
0.0110331
0.010369
0.0126721
0.0152224
0.0170392
0.0113513
0.0319732
0.00587
0.013097
0.0103591
0.0138796
0.0106474
0.0110203
0.0138596
0.0158542
0.0132723
0.0360296
0.0102011
0.0170389
0.0147714
0.0132523
0.0136737
0.0142079
0.0100211
0.0110985
0.016024
0.014525
0.0114279
0.00746285
0.00912797
0.0162128
0.00881508
0.0123452
0.0105389
0.084858
0.0126103
0.0139146
0.0168166
0.0322745
0.0155485
0.01503
0.0094994
0.0160246
0.0122765
0.00902374
0.0203292
0.0134054
0.0162663
0.0108358
0.013112
0.015655
0.0102727
0.0133445
0.0120073
0.012577
0.0180789
0.0161341
0.0166745
0.00944012
0.0111917
0.0116346
0.0326586
0.0122464
0.0149726
0.0117633
0.0127417
0.0117789
0.0702626
0.0140176
0.0240668
0.0146086
0.0121449
0.0101554
0.0132863
0.0159761
0.00953365
0.0167551
0.016006
0.0117216
0.0723757
0.0173078
0.017417
0.0156649
0.0159443
0.0152574
0.0142747
0.0163089
0.00910516
0.00966038
0.0098955
0.0140674
0.0134874
0.0119865
0.00750992
0.0118386
0.013409
0.0184397
0.0160249
0.0578621
0.0147128
0.0153645
0.0120507
0.0208293
0.0261578
0.0620373
0.0120652
0.014111
0.0120911
0.0145492
0.0146296
0.0109999
0.0110584
0.0120924
0.0121352
0.032216
0.00814546
0.0109658
0.0136598
0.0089705
0.0130696
