0.0943383
0.0141159
0.0139859
0.0101857
0.0144001
0.01111
0.0100364
0.015679
0.0131695
0.0147537
0.00961419
0.011016
0.0148877
0.0101906
0.0124515
0.0106606
0.00997791
0.00700118
0.0109326
0.0122132
0.0116526
0.00977394
0.00915251
0.0127024
0.0122934
0.00902718
0.0155265
0.0087361
0.0133504
0.0104984
0.0162101
0.0126133
0.00955027
0.0136812
0.00912729
0.00815524
0.0117857
0.016274
0.0149436
0.00910919
0.0116469
0.0131199
0.0144852
0.0127327
0.0133559
0.01079
0.00941345
0.00677129
0.00997656
0.0111035
0.0154381
0.00887172
0.0110629
0.0145834
0.0156818
0.0103587
0.00930938
0.0096948
0.0127794
0.01353
0.00922055
0.0105083
0.0345255
0.0164943
0.0211644
0.0807565
0.0153609
0.0101058
0.0112197
0.0149752
0.00840173
0.0114624
0.0114177
0.0146623
0.0115658
0.0140327
0.00627664
0.0115185
0.0110581
0.00978652
0.0105424
0.0144818
0.0132336
0.00997027
0.0101406
0.0154017
0.0135671
0.00951394
0.0103292
0.00965547
0.0101543
0.00976892
0.0114896
0.0137408
0.0158371
0.0106941
0.01203
0.00958536
0.0148671
0.00962051
0.012689
0.0217756
0.0579852
0.0124624
0.0145684
0.0126064
0.0164883
0.00950043
0.0163603
0.0365667
0.0112098
0.00945576
0.0093001
0.0132084
0.00999139
0.0154881
0.0144663
0.00862204
0.0267055
0.00863451
0.0160501
0.00860294
0.0111787
0.0100596
0.00838319
0.0117456
0.012257
0.0180226
0.017781
0.0156883
0.00969219
0.00898747
0.0163163
0.0103174
0.0088374
0.0151374
0.0122279
0.0167001
0.00974324
0.0126889
0.0127142
0.0097097
0.0132359
0.012213
0.0122833
0.0173141
0.0149634
0.0152819
0.0115488
0.0100707
0.0124269
0.0118206
0.0101982
0.0143583
0.0104897
0.0111903
0.0122191
0.0124264
0.0143388
0.00922641
0.013256
0.0113095
0.00975276
0.0131922
0.0156713
0.00554079
0.0154078
0.0145112
0.0106269
0.0119454
0.0153121
0.0155516
0.0965673
0.0143714
0.013876
0.0133116
0.0137045
0.0142849
0.0100339
0.00956799
0.0116229
0.00506955
0.0119877
0.00987595
0.0195458
0.0110785
0.0215116
0.00647586
0.00979888
0.0158602
0.0141106
0.0109333
0.0170409
0.00972509
0.041018
0.0136109
0.015972
0.0142578
0.0141983
0.0372014
0.0135905
0.0258575
0.0307168
0.0113737
0.0311698
0.0173019
0.0176952
0.0126937
0.0127132
0.01209
