0.035075
0.0511411
0.0149289
0.00225158
0.0159773
0.0117245
0.0102192
0.0167703
0.0126228
0.0133255
0.0103484
0.010895
0.0156396
0.00940681
0.0123365
0.00981758
0.0106822
0.011058
0.0124455
0.0120102
0.0118377
0.00999252
0.00960722
0.013582
0.0123992
0.00949486
0.0154058
0.0111588
0.0123299
0.0108034
0.0124106
0.0133286
0.00852164
0.0156676
0.00934887
0.0083941
0.0117964
0.0179974
0.0158756
0.00943848
0.0129519
0.0130131
0.0149375
0.0135224
0.0150497
0.0115301
0.0559049
0.010377
0.00613912
0.00965523
0.0149068
0.00917032
0.0119412
0.0130991
0.0162238
0.0130573
0.00953543
0.00989262
0.0131063
0.0130288
0.00912944
0.01011
0.0937808
0.0154542
0.00981773
0.0133172
0.0162029
0.034578
0.0123742
0.0155949
0.0118993
0.01231
0.00932342
0.0151452
0.0123146
0.0147615
0.0116601
0.0118452
0.0123452
0.0106889
0.0110989
0.0138184
0.0116088
0.0107315
0.0109364
0.0105947
0.0196675
0.0101282
0.0108218
0.0101318
0.0107266
0.0101114
0.013087
0.0165426
0.017416
0.0116741
0.0126719
0.00991646
0.0129186
0.0100732
0.0143402
0.0118413
0.0488457
0.013363
0.0149443
0.0145052
0.0140224
0.00898519
0.0172353
0.0133473
0.0146084
0.0103212
0.0140844
0.0139557
0.0106196
0.0157469
0.0148003
0.00403213
0.00584123
0.00909245
0.0179345
0.00893317
0.0127265
0.0103349
0.00862158
0.0132092
0.0143064
0.0190995
0.0169284
0.0156837
0.0106902
0.00927172
0.0150995
0.0108018
0.00906248
0.0168545
0.0129666
0.0169169
0.0102156
0.0136584
0.0171126
0.00989199
0.0143009
0.0124077
0.0132974
0.0178761
0.0164688
0.0162152
0.0108327
0.00782637
0.0123377
0.00945491
0.0127115
0.0153812
0.0115054
0.00906396
0.011848
0.00974203
0.0147358
0.00962822
0.0147927
0.0116229
0.0102688
0.0134739
0.0169959
0.00699079
0.0166796
0.0158171
0.0114805
0.00647281
0.0167028
0.017799
0.0160057
0.0161599
0.0152645
0.0138575
0.0169855
0.0140673
0.0102746
0.0100729
0.013836
0.00967413
0.0117411
0.0109301
0.0126323
0.00824535
0.0449416
0.0218442
0.00739218
0.013475
0.0116202
0.0189698
0.0197571
0.0154265
0.0297928
0.0131225
0.0179336
0.00707984
0.0116758
0.024478
0.013623
0.0117579
0.0295895
0.0118987
0.0278675
0.00934434
0.00825249
0.0128321
0.00827282
0.0103272
