0.0436907
0.0108205
0.0131151
0.0195511
0.014541
0.0112976
0.0110655
0.014825
0.0113392
0.018209
0.00947483
0.0108335
0.0152261
0.0127665
0.0120231
0.00996314
0.00904457
0.0117085
0.01172
0.0117983
0.011541
0.0094576
0.00908467
0.0130204
0.0115801
0.00868743
0.0147997
0.00981255
0.0148677
0.00988052
0.0165372
0.0126717
0.00924247
0.0131553
0.00909768
0.008065
0.0118794
0.0166576
0.0156898
0.00920946
0.0115245
0.0130522
0.0144191
0.0125043
0.0151932
0.0109917
0.00982904
0.0112698
0.00944664
0.0118436
0.0132891
0.00941935
0.0113435
0.0149098
0.0142082
0.0118869
0.00919047
0.00954919
0.0116811
0.0139455
0.00901753
0.0102728
0.0171238
0.0146522
0.0129843
0.0143767
0.0159791
0.0121278
0.0116964
0.0139715
0.00971373
0.0115377
0.0148189
0.0159946
0.0111493
0.0152575
0.010825
0.0118306
0.00989328
0.0122547
0.00984954
0.0137836
0.0138624
0.00969135
0.00997094
0.015597
0.0135994
0.00926245
0.010315
0.00995877
0.00979101
0.00971339
0.0111553
0.0145702
0.0147572
0.00967267
0.0402907
0.00586299
0.0125288
0.00909135
0.0116395
0.00980043
0.0121518
0.0121281
0.0132734
0.0112615
0.0296886
0.00901529
0.0155154
0.0132537
0.0123397
0.00882553
0.0128397
0.0126306
0.00999034
0.0144661
0.0133128
0.01063
0.00878894
0.00852455
0.0171048
0.00855897
0.0102158
0.00946122
0.033507
0.012548
0.0117304
0.0166054
0.0178882
0.013528
0.0128332
0.00898439
0.00524886
0.0109346
0.00889946
0.012965
0.011299
0.0161835
0.00939326
0.0125239
0.0108497
0.00924931
0.0130475
0.0119026
0.0135783
0.0157538
0.0149211
0.0140023
0.0121104
0.00224127
0.0113766
0.00703013
0.0115407
0.0144806
0.00985585
0.00877637
0.0107629
0.120138
0.0139228
0.0111832
0.0130945
0.0105986
0.00939951
0.0124431
0.01488
0.00924992
0.0132733
0.0140709
0.0108369
0.0591339
0.0131984
0.015638
0.0141836
0.0146332
0.0139062
0.0117837
0.0140942
0.0113548
0.0100147
0.00916992
0.0114386
0.0135756
0.0117127
0.0101957
0.0102318
0.0113605
0.0139881
0.0224598
0.0103011
0.0125512
0.0124055
0.0117114
0.018083
0.0127022
0.045594
0.0201537
0.0164077
0.0110578
0.0148301
0.0142016
0.00504691
0.00916701
0.0109267
0.0104379
0.0258112
0.0171794
0.0117273
0.0113371
0.0791586
0.0148572
