0.0293068
0.019013
0.0141317
0.0211608
0.01474
0.00913955
0.0099873
0.0145323
0.0128117
0.0110955
0.0202377
0.0111931
0.0160273
0.0102857
0.0122567
0.014049
0.00984222
0.0121885
0.01208
0.0120259
0.0117455
0.00994359
0.00946273
0.012872
0.0119431
0.00919977
0.0156317
0.0110284
0.0118065
0.0108322
0.0151516
0.0128312
0.00947577
0.0142005
0.00944953
0.00844271
0.0120862
0.0170656
0.0151299
0.00933056
0.0123671
0.013015
0.0149378
0.0124469
0.016934
0.0115028
0.0100775
0.0113355
0.0103532
0.0113109
0.0155288
0.0103864
0.0117196
0.0147731
0.0165729
0.0124236
0.0095863
0.00994736
0.0127709
0.0138062
0.00951179
0.0109894
0.0122916
0.0160689
0.0143891
0.0157192
0.0164213
0.0127794
0.0112817
0.0150589
0.0111115
0.0115368
0.0163903
0.0163468
0.0124615
0.0152849
0.00921406
0.0124493
0.0118358
0.0127819
0.0109512
0.0147118
0.0142517
0.0103877
0.0110279
0.0177451
0.015032
0.00999802
0.0107462
0.00979641
0.0102993
0.0102838
0.0120093
0.0156759
0.0161629
0.0139293
0.0741166
0.00823463
0.0130078
0.0101226
0.012547
0.0105141
0.00921963
0.0130638
0.0148397
0.0128699
0.0413529
0.0100042
0.0168175
0.0143123
0.0129183
0.00979017
0.0136491
0.0137439
0.0106381
0.0161422
0.0149245
0.0120641
0.00909565
0.00837846
0.0179151
0.00886018
0.011962
0.0104461
0.00619408
0.0123476
0.0125441
0.018025
0.01754
0.0155746
0.0142494
0.0092539
0.0167987
0.011016
0.00902523
0.0166765
0.0128721
0.0171289
0.0101862
0.0125762
0.0138319
0.00991033
0.0139438
0.0121125
0.0121439
0.0169603
0.0146003
0.0159879
0.01189
0.0151504
0.0124065
0.0110832
0.012604
0.0153072
0.0109702
0.0125632
0.0111056
0.0703126
0.0699259
0.00954886
0.0134547
0.0116997
0.0101236
0.0131804
0.0162128
0.00931168
0.0162053
0.0154198
0.0118104
0.0204384
0.0159666
0.0173344
0.0133296
0.0149597
0.0147197
0.0130343
0.0161325
0.0128957
0.010028
0.00991255
0.0119343
0.0133311
0.0124749
0.0107308
0.011143
0.0131676
0.0511852
0.0210559
0.0178645
0.0137634
0.0176544
0.012903
0.0363459
0.0175309
0.0253249
0.0183699
0.0115397
0.00991492
0.0169182
0.0125707
0.00878638
0.00967361
0.0131962
0.00959065
0.0493914
0.00892206
0.0103696
0.0124234
0.0106274
0.0265838
