0.0523337
0.077525
0.0140183
0.0191208
0.0135409
0.0131077
0.0108111
0.0160926
0.00893191
0.0158193
0.0123463
0.0117905
0.0157318
0.00988133
0.0121616
0.0114164
0.0156075
0.0112635
0.0123681
0.0352216
0.0111637
0.0243289
0.00852332
0.0124335
0.0121255
0.00923031
0.0152945
0.0110758
0.0139034
0.0100598
0.0157494
0.0133026
0.0108609
0.015064
0.010303
0.0085184
0.0122115
0.0170684
0.0148252
0.0095971
0.0124587
0.0135722
0.014384
0.0134978
0.0160796
0.0113876
0.0101443
0.0113212
0.0102489
0.0116168
0.0140653
0.0100459
0.0115893
0.0153866
0.0141564
0.01236
0.00946819
0.00979542
0.01222
0.0159075
0.00927152
0.0132849
0.0135394
0.0152064
0.0130045
0.0145981
0.0164011
0.0134088
0.0127348
0.0147165
0.0100485
0.0118686
0.0154894
0.0154423
0.0119469
0.0140224
0.0110218
0.0116541
0.0102282
0.0126215
0.0103648
0.0139448
0.0137133
0.0104514
0.0104512
0.0149471
0.0146694
0.00979305
0.0107161
0.0101801
0.0100692
0.00993077
0.0117277
0.0150023
0.015974
0.0116078
0.0424103
0.0106518
0.0137586
0.00949232
0.0124443
0.0101581
0.0111659
0.0138717
0.0138422
0.0120785
0.0392614
0.0092852
0.0161251
0.0138444
0.0133965
0.0125038
0.012417
0.0128248
0.0101378
0.0150285
0.0130482
0.0108674
0.00900737
0.00875869
0.0186001
0.00892716
0.0104125
0.0100583
0.027328
0.0132004
0.0120633
0.0192152
0.0181329
0.0148089
0.0130725
0.00929528
0.0140925
0.0118308
0.00938844
0.0889682
0.0114114
0.0167295
0.0097098
0.0123446
0.0141348
0.00981505
0.0135558
0.0119101
0.0131146
0.016102
0.0150783
0.0143967
0.01239
0.00408869
0.026359
0.0192945
0.0117172
0.015865
0.0539754
0.0077899
0.0117807
0.158167
0.0131082
0.0153886
0.01325
0.0117154
0.00979199
0.0120025
0.015787
0.00958543
0.0134127
0.0161333
0.0117984
0.0153552
0.0136178
0.0133783
0.0141537
0.0145322
0.0142017
0.00649868
0.0147374
0.0108858
0.0103269
0.00956558
0.0121871
0.012385
0.0124089
0.00544431
0.00883287
0.0297103
0.015956
0.0199566
0.0567516
0.0129566
0.0120334
0.0247031
0.0301523
0.0119569
0.0583364
0.0134732
0.0765166
0.0111928
0.0151552
0.0142859
0.0236013
0.0155408
0.00759542
0.0109056
0.0129967
0.00898123
0.0117101
0.0122908
0.0119271
0.0262633
